55
55
59
61
59
54
61
56
55
63
54
55
55
55
55
55
55
55
59
55
55
55
55
55
59
59
53
63
67
59
55
55
55
55
55
55
55
55
55
55
55
55
50
55
55
55
55
61
61
55
55
55
55
55
55
55
55
55
55
55
55
55
55
55
55
55
55
55
55
55
55
55
55
55
55
55
55
55
55
55
55
55
55
55
55
55
55
55
55
55
55
55
55
80
57
54
54
60
55
55
55
55
55
55
55
55
55
55
55
55
55
55
68
61
56
63
64
57
56
55
55
61
55
55
55
59
55
59
59
59
55
55
55
55
55
55
55
55
55
55
55
55
59
58
55
59
59
55
55
55
55
56
60
56
62
61
55
55
56
56
62
56
60
60
61
62
60
61
55
55
55
55
55
55
55
56
56
58
58
55
60
56
54
56
64
56
59
57
57
53
61
56
55
86
58
61
60
60
55
55
55
55
56
54
55
58
60
54
57
62
54
55
54
54
51
62
55
55
57
55
56
55
55
55
55
55
55
55
51
55
55
55
55
55
55
55
55
55
55
55
55
55
55
55
55
55
55
55
55
55
55
55
55
55
55
55
55
55
55
55
55
55
55
55
55
55
55
55
55
55
55
55
55
55
55
55
55
55
55
55
55
55
59
59
59
59
59
55
55
55
55
55
55
55
55
55
55
55
55
55
55
55
55
55
55
55
55
55
55
55
55
55
55
55
55
55
56
84
55
55
55
53
53
56
71
56
55
55
55
55
55
55
55
55
55
56
55
55
55
55
55
55
55
53
67
65
64
59
61
54
55
55
55
55
55
55
55
55
55
55
55
55
55
55
55
55
55
55
55
55
55
55
55
55
55
55
55
55
55
55
55
55
55
55
55
55
55
55
55
55
55
55
55
55
55
59
55
55
57
57
55
55
56
64
65
59
60
88
60
73
74
78
76
59
55
55
55
59
59
64
65
69
59
60
55
56
56
62
61
61
61
61
55
55
55
55
55
55
55
55
55
55
55
55
55
57
53
53
55
54
58
65
58
55
55
55
55
55
55
55
55
55
55
55
55
55
55
55
55
55
55
55
55
55
55
55
55
55
55
55
55
55
55
61
61
59
62
57
53
60
56
59
60
55
55
55
55
55
55
55
55
55
55
55
55
55
55
55
55
55
55
54
55
59
67
55
56
65
60
60
60
61
53
65
57
61
120
63
59
56
56
58
53
56
58
54
54
61
56
61
57
57
58
60
55
61
64
64
56
55
55
56
58
55
55
55
55
55
55
55
55
55
55
55
55
55
55
55
55
55
55
55
55
55
55
55
56
55
56
60
54
61
53
62
53
57
56
56
67
53
53
55
61
55
53
55
55
56
56
57
55
55
55
86
55
55
55
55
55
55
59
59
55
59
55
55
55
55
55
55
59
55
55
55
55
55
58
52
46
55
55
55
59
55
55
55
55
55
55
55
55
59
59
55
55
55
55
55
55
55
55
55
55
55
55
55
55
55
55
55
55
55
55
55
55
55
55
55
55
55
55
55
55
55
55
55
55
55
55
55
55
55
55
55
55
55
55
55
55
55
55
55
55
55
55
55
55
55
55
55
55
55
55
55
55
55
55
55
55
55
55
55
55
55
55
55
55
55
55
55
55
55
55
55
55
55
54
55
55
55
55
55
55
55
55
55
55
55
59
55
55
59
77
55
64
55
55
55
55
55
55
55
55
55
55
55
55
55
46
68
55
55
55
55
55
59
66
56
58
58
58
58
60
56
56
69
60
55
55
60
60
124
118
118
118
118
118
118
118
118
118
118
127
118
118
118
127
118
58
55
55
55
55
55
55
55
55
58
55
55
55
59
59
55
55
55
55
55
61
59
58
55
55
55
64
55
59
64
58
63
64
65
66
56
58
58
58
56
59
65
59
58
58
58
59
66
59
65
68
66
65
55
59
65
54
65
68
59
59
59
57
55
56
67
66
55
57
55
65
54
56
66
59
60
58
59
65
67
56
65
56
65
65
68
65
56
65
64
54
57
65
65
65
54
54
56
62
58
64
57
56
56
56
59
54
54
59
56
66
55
56
55
55
55
55
56
77
55
56
55
55
57
69
57
55
54
55
58
86
64
72
56
56
54
65
54
55
67
55
54
53
57
64
65
54
54
54
62
62
56
59
55
55
55
64
57
54
64
54
59
58
59
63
59
63
55
56
63
63
62
62
62
