88
63
53
60
56
56
56
56
64
62
56
72
68
69
66
58
67
59
61
82
87
71
94
86
93
100
87
79
65
66
71
108
69
83
84
66
94
79
66
69
71
61
67
96
77
95
75
66
61
61
56
79
59
96
90
53
62
59
65
62
65
57
95
56
53
57
59
64
62
66
53
58
67
71
74
70
72
63
59
69
76
70
61
72
59
53
71
51
70
67
53
61
67
63
60
63
60
70
62
70
86
64
63
72
71
55
71
65
64
68
74
89
79
75
61
79
67
108
91
100
61
61
61
77
63
73
72
64
99
53
72
53
109
68
51
52
68
52
84
96
67
52
64
72
52
52
65
61
61
53
79
56
53
52
52
75
73
74
60
53
52
84
67
64
73
69
71
71
84
93
67
63
65
59
62
100
67
80
67
67
63
78
70
67
61
61
59
59
59
59
63
56
56
56
56
69
57
64
69
59
127
64
64
64
64
64
64
64
64
64
64
64
64
64
64
64
64
64
64
64
64
64
64
64
64
64
64
64
64
64
64
64
64
64
64
64
64
64
64
64
64
64
64
64
64
64
64
64
64
64
64
64
64
64
64
64
64
64
64
64
64
64
64
64
64
64
64
63
80
78
78
66
61
61
64
61
59
63
63
63
63
63
63
63
63
66
67
67
67
67
67
67
67
67
67
67
67
67
67
67
67
67
67
67
67
67
61
58
63
63
63
63
63
63
63
63
63
63
63
63
63
63
63
62
67
67
67
66
75
66
64
67
67
67
67
67
67
75
64
67
76
67
67
67
67
75
62
61
68
58
58
67
58
62
64
76
65
67
60
62
64
64
100
64
76
64
58
65
65
64
64
59
70
61
58
63
63
83
92
56
63
53
63
102
54
62
70
69
71
66
66
67
56
71
71
51
54
71
51
89
53
92
74
